236
237
210
215
248
232
228
201
242
228
241
232
240
225
216
251
251
213
238
240
188
223
233
236
214
184
177
221
210
226
222
241
199
212
242
246
240
234
251
251
237
238
229
164
235
217
195
141
199
169
196
187
254
248
202
216
247
217
165
247
251
226
242
220
248
250
241
251
251
255
241
252
233
194
216
201
254
176
254
224
222
227
223
154
230
250
250
246
240
225
242
197
171
253
250
254
170
252
214
252
250
243
213
253
253
251
234
224
249
244
228
233
251
206
247
242
241
167
222
239
217
230
215
239
249
246
228
229
231
204
244
244
251
226
240
240
247
250
230
246
189
244
237
192
251
245
239
219
181
249
246
229
214
251
232
238
160
227
249
200
205
129
215
234
247
197
255
245
220
254
253
246
233
238
245
253
230
184
194
198
216
225
154
204
234
159
235
194
252
240
218
255
208
218
237
194
230
251
193
249
225
240
252
224
248
242
225
239
215
244
244
251
182
247
216
186
236
222
239
225
236
230
250
223
248
237
250
207
233
228
196
238
228
239
237
230
219
254
244
241
224
246
212
217
230
225
157
214
228
246
245
222
248
254
247
230
223
219
231
220
243
252
217
165
243
247
194
196
197
237
253
181
248
222
211
246
253
242
229
208
233
238
249
218
243
237
229
241
252
250
224
225
250
239
249
247
250
223
244
253
253
224
193
201
215
208
240
239
206
248
224
230
237
152
158
238
199
243
190
199
223
252
213
236
233
216
251
176
211
228
113
255
248
225
249
247
246
194
217
253
233
246
238
163
240
248
252
190
244
255
244
255
248
250
245
247
163
241
246
249
255
254
244
254
234
245
246
246
226
241
247
246
232
196
219
236
222
237
243
242
239
216
206
225
226
178
228
214
230
218
210
236
251
197
249
254
255
254
230
244
249
227
253
212
197
252
250
250
215
250
236
241
242
209
226
188
252
253
220
245
217
254
233
254
231
230
251
243
168
167
233
228
252
240
227
230
245
249
241
255
241
180
249
225
252
245
173
239
239
168
229
222
254
192
248
252
166
171
206
243
236
235
199
188
253
248
241
227
240
247
241
219
255
231
248
225
217
241
238
238
234
178
208
202
231
225
243
228
218
234
227
232
221
168
231
231
246
182
255
254
250
245
251
253
165
232
253
232
209
211
238
187
228
251
243
230
156
237
245
248
232
253
219
234
241
249
160
228
205
237
229
237
219
251
254
220
253
232
215
254
244
242
255
182
222
231
248
246
247
251
239
240
249
236
227
242
223
250
212
251
222
228
146
240
217
239
213
229
246
224
246
253
240
254
187
199
215
216
232
255
245
239
215
180
212
185
230
196
155
155
241
236
233
237
227
228
229
247
232
217
232
221
222
196
154
249
243
245
239
214
194
230
247
156
255
254
254
236
244
210
216
223
200
239
252
250
228
233
232
231
234
228
227
204
224
188
209
228
226
232
202
227
217
253
190
239
250
168
208
188
212
190
135
236
253
227
239
230
249
240
236
197
225
244
251
219
205
251
210
229
254
249
247
107
249
254
241
239
250
251
243
247
192
181
216
249
253
155
241
201
191
244
225
219
255
255
251
255
216
233
211
234
249
218
147
247
235
245
254
180
211
199
213
231
233
225
253
201
236
222
236
252
252
229
178
229
223
252
228
226
207
156
252
151
247
242
191
218
209
241
241
247
227
173
219
123
211
204
246
249
253
214
247
248
227
217
254
185
233
242
225
159
253
230
251
242
249
197
239
222
251
242
255
174
238
250
161
243
252
245
244
253
232
248
227
220
121
210
226
151
252
204
246
253
241
230
208
219
249
246
251
250
157
217
237
222
214
219
254
204
226
239
244
223
221
190
222
224
254
234
214
159
186
228
231
212
226
234
165
240
239
254
240
200
247
253
243
248
146
255
184
253
211
183
234
252
176
221
217
206
236
218
218
251
221
168
223
237
226
153
238
126
218
251
124
202
156
223
250
247
165
231
239
243
182
250
240
212
222
182
138
253
161
248
244
251
223
236
206
244
232
253
164
222
249
243
249
220
246
189
238
180
239
236
242
221
245
251
242
202
209
237
251
157
241
254
249
221
246
228
249
223
214
133
204
240
249
251
248
246
201
237
233
237
218
198
241
245
233
221
250
227
246
251
181
239
146
236
249
248
180
236
217
192
245
247
238
249
245
252
249
227
210
231
223
239
228
238
227
250
252
236
255
226
252
201
235
248
193
220
230
241
248
233
241
235
240
192
235
246
213
254
252
234
229
243
253
241
231
205
215
181
193
239
252
237
222
223
244
229
141
248
253
212
236
251
241
246
200
243
234
202
243
237
251
245
242
237
237
254
208
195
254
255
235
229
175
245
233
208
253
243
250
228
204
221
216
239
207
237
255
214
224
249
241
225
247
235
171
213
255
224
210
244
200
252
246
244
242
249
247
173
255
207
229
251
246
250
229
244
248
252
235
254
149
237
178
237
239
244
243
236
250
246
223
255
247
225
243
230
235
251
246
219
235
206
251
249
246
254
234
234
163
247
243
248
201
149
237
252
217
248
183
240
238
212
227
252
249
229
225
231
187
248
204
250
219
230
209
240
234
234
247
213
210
226
198
243
208
245
208
215
230
251
207
237
209
230
253
239
228
228
255
186
255
205
201
225
227
176
225
132
217
253
213
199
231
172
247
213
241
245
193
239
218
251
237
214
171
195
203
252
239
248
248
244
161
230
232
228
149
245
249
220
232
227
234
175
237
247
254
213
224
252
210
249
247
252
194
191
249
232
241
249
213
220
223
207
254
244
212
183
243
253
188
210
229
106
236
213
224
202
253
218
232
249
212
200
168
211
252
253
224
197
252
233
246
249
253
250
186
213
235
199
250
188
213
253
253
195
229
236
227
236
236
252
240
253
242
239
174
214
228
209
247
227
159
248
182
195
252
218
240
191
247
253
223
198
240
254
179
246
184
250
206
199
248
220
216
244
198
236
253
230
208
248
178
253
240
249
226
189
249
223
218
241
243
216
193
254
244
239
229
235
255
245
247
250
250
255
244
223
243
217
236
176
226
255
240
233
251
249
224
218
210
252
235
216
254
224
163
188
217
226
254
191
226
238
251
241
255
249
248
248
208
235
245
240
245
237
205
234
255
208
191
175
174
180
255
255
226
155
249
208
158
237
201
205
250
205
199
244
227
240
232
251
249
208
254
199
253
248
249
211
245
182
243
221
252
179
231
249
233
206
134
159
212
224
207
254
240
247
182
228
223
247
205
255
151
246
251
222
143
238
226
245
220
203
212
213
203
252
221
214
237
214
169
179
229
247
247
254
231
232
211
249
244
253
253
254
207
231
244
253
225
249
227
193
222
179
251
243
164
232
203
229
247
243
255
251
173
242
249
245
255
236
201
223
242
250
108
231
241
228
239
236
197
234
197
255
208
253
221
242
181
248
252
253
253
232
198
242
251
137
251
229
223
211
197
239
243
232
219
254
240
193
213
242
242
237
241
213
192
246
215
207
190
255
228
241
250
245
244
203
246
200
240
198
225
206
227
233
238
206
196
255
252
247
240
248
251
252
232
231
210
200
200
168
203
193
207
245
174
229
220
255
248
181
243
228
249
251
222
233
237
246
198
196
252
239
198
250
246
241
244
190
224
180
172
242
247
220
161
254
239
165
203
183
215
201
249
215
221
229
247
241
251
238
208
213
144
254
244
243
227
119
250
180
174
247
238
214
213
110
246
204
187
236
255
248
248
204
227
255
250
208
241
253
243
236
221
255
198
236
244
237
220
243
241
212
239
178
247
212
245
234
243
233
212
205
242
191
181
197
245
236
236
249
245
225
248
234
249
210
247
228
208
254
246
252
198
237
237
238
188
239
194
235
234
250
224
241
248
192
233
248
251
189
222
242
204
206
236
246
220
246
252
248
238
211
254
239
194
175
187
252
252
209
246
237
226
253
246
155
250
253
252
246
214
230
248
210
250
217
255
253
249
245
253
237
211
239
224
232
241
229
234
106
234
249
202
231
237
250
230
224
242
242
254
252
226
242
240
172
199
246
242
252
253
248
252
246
165
244
160
221
178
245
244
236
224
217
255
225
241
231
233
215
247
239
250
243
222
214
230
236
235
254
249
247
207
235
178
244
232
223
236
251
239
242
228
205
225
249
214
248
244
248
242
245
234
248
238
250
231
239
223
255
249
223
247
239
255
169
245
240
242
250
223
216
250
121
236
253
248
253
237
228
253
248
196
217
240
211
208
254
253
239
152
203
250
231
207
200
247
244
227
227
221
247
227
241
179
200
228
242
230
195
223
254
246
232
165
249
242
210
248
253
225
249
243
234
230
231
252
207
254
242
253
223
236
232
227
251
250
248
232
228
245
246
253
220
203
228
233
251
148
254
185
253
242
238
231
239
252
252
219
219
247
239
250
200
251
234
218
170
236
205
231
255
240
223
231
212
255
233
247
235
239
202
234
232
241
246
253
249
232
255
229
253
229
215
206
189
213
238
248
200
220
231
176
242
222
252
214
242
205
224
250
218
178
254
236
255
230
230
208
247
234
227
254
255
211
246
228
246
233
217
211
227
247
250
226
220
247
252
223
244
218
254
253
196
217
237
173
237
244
229
228
240
234
255
217
243
230
204
242
254
251
253
155
245
185
209
228
244
245
209
209
220
222
250
239
225
249
255
248
242
120
242
187
252
249
241
255
215
222
246
217
250
248
252
196
246
249
193
216
245
186
234
252
227
255
224
226
238
252
225
241
230
206
253
228
247
251
240
201
175
208
247
248
249
238
243
217
233
243
209
222
232
249
231
240
227
250
244
231
231
248
176
251
248
209
237
234
191
255
252
245
234
248
210
249
249
239
244
143
253
230
192
254
243
210
237
252
254
251
195
235
246
244
233
234
189
228
254
246
220
238
240
167
239
187
230
234
241
204
218
252
254
254
237
250
224
206
230
174
239
220
243
181
232
254
206
194
235
253
223
248
250
252
188
233
203
242
228
241
190
223
218
223
235
252
203
244
247
252
249
255
239
232
245
248
195
246
253
249
246
237
247
243
230
248
199
239
206
238
231
249
245
230
246
229
247
234
255
195
218
254
239
254
245
220
252
241
234
230
214
243
235
221
235
181
236
221
222
208
247
241
236
250
193
231
208
242
247
248
255
234
250
204
218
179
130
207
254
222
135
210
235
255
241
192
230
251
246
206
221
238
248
248
255
254
242
249
148
216
238
243
185
209
218
248
208
187
223
242
255
174
226
245
245
249
207
246
219
229
231
224
251
143
232
243
216
214
246
254
239
253
245
223
255
235
214
212
248
245
222
217
227
247
247
245
252
194
253
196
208
220
217
186
237
251
196
254
207
237
237
244
191
254
228
237
250
228
253
245
211
249
229
252
215
246
108
223
244
250
251
254
186
227
209
249
205
250
254
223
251
183
171
242
253
247
237
237
219
246
165
187
253
203
247
246
204
252
231
166
230
247
232
205
253
251
251
168
233
246
220
247
241
229
255
220
253
253
251
251
187
200
239
182
220
254
248
215
226
242
228
243
236
235
189
218
245
251
244
251
254
194
239
192
255
161
204
251
255
193
248
230
231
246
253
233
250
243
196
247
242
230
235
171
184
228
218
210
207
220
185
165
220
241
244
233
250
199
241
233
237
220
243
255
232
242
220
209
215
249
224
217
214
241
253
247
215
187
255
177
251
249
252
232
237
209
247
210
247
248
216
236
241
197
236
252
242
248
216
241
248
253
238
109
161
169
251
200
210
254
255
247
228
194
224
248
207
209
236
229
227
244
207
254
230
210
250
253
245
227
217
253
236
253
240
240
207
251
200
203
249
255
245
252
232
248
195
211
211
218
150
251
245
249
234
230
216
196
238
255
238
209
227
222
255
221
241
241
163
249
239
176
244
246
244
254
211
254
227
232
211
218
174
214
242
236
231
248
248
179
249
244
226
250
217
229
245
229
217
241
248
243
252
203
223
253
188
203
204
254
246
219
228
229
240
253
254
237
215
252
247
247
242
218
238
247
226
231
230
254
244
249
228
227
188
249
250
202
190
249
235
214
227
175
191
164
230
225
212
214
227
220
226
230
161
208
215
161
221
204
220
243
246
230
229
196
251
222
253
216
237
254
254
228
185
247
238
183
240
235
226
198
230
152
174
229
240
207
207
249
154
250
253
240
225
217
251
202
246
251
252
237
200
242
177
250
243
246
228
253
217
249
126
247
211
199
237
173
232
251
231
251
251
250
247
222
240
242
202
222
254
188
233
240
158
253
229
227
237
252
206
246
237
240
242
248
147
252
249
226
242
249
247
209
241
185
237
202
255
178
207
246
247
230
165
229
230
241
232
219
147
242
241
218
201
254
243
235
249
254
235
224
243
253
247
227
250
229
232
239
222
216
170
255
222
230
235
207
243
226
252
246
249
249
224
243
255
242
254
119
200
245
192
255
242
251
255
252
254
247
242
254
239
234
250
226
249
241
252
141
247
228
248
251
181
241
251
254
240
228
252
248
244
207
208
250
252
245
245
250
218
205
227
234
248
238
244
252
231
203
215
211
231
235
241
251
181
215
246
210
210
190
235
216
235
198
201
219
200
245
209
254
254
160
249
227
252
236
236
163
239
224
196
225
249
249
212
246
201
237
241
224
200
217
208
213
240
244
238
238
246
211
246
207
249
214
213
213
170
252
238
245
231
249
252
255
248
250
253
217
182
215
126
249
245
248
252
245
209
243
241
203
182
205
200
240
213
243
229
226
233
228
236
251
170
232
251
214
253
251
217
221
222
224
242
214
206
250
243
207
217
242
217
246
230
255
236
225
249
205
238
242
244
249
250
194
248
233
250
252
249
221
187
221
232
246
245
247
236
188
168
153
229
255
255
218
249
202
204
191
218
238
173
224
239
246
220
203
208
246
253
236
255
222
231
208
246
253
249
222
236
254
223
253
241
250
221
209
251
238
229
231
210
252
216
223
219
223
212
224
250
232
176
233
236
217
212
255
232
228
208
253
160
240
236
205
200
238
189
232
231
246
232
204
230
241
242
209
207
255
255
226
217
245
255
244
248
245
251
209
246
217
160
244
225
232
247
253
232
236
197
251
230
206
221
243
229
246
251
248
236
232
233
231
198
244
237
154
221
248
247
247
227
253
200
236
247
240
221
227
198
217
255
221
240
216
237
224
254
237
194
236
252
195
254
246
248
224
255
220
176
239
227
227
202
236
215
191
243
223
210
255
247
240
249
242
221
253
224
197
224
252
238
232
237
190
222
250
161
235
250
221
250
248
255
247
225
252
247
251
246
250
210
165
235
232
222
206
199
236
237
206
171
228
231
246
223
252
236
251
228
165
221
187
234
251
222
226
218
243
191
167
238
115
197
228
152
154
244
226
217
225
206
219
245
250
241
225
230
226
245
241
211
215
210
218
228
239
228
219
222
157
195
214
249
215
242
222
247
233
211
239
194
244
252
231
235
234
252
205
242
254
250
243
219
223
241
242
240
240
243
251
238
250
233
253
202
215
189
221
236
192
211
255
252
249
206
221
219
228
227
252
250
219
250
251
240
236
207
247
165
220
245
152
211
229
254
241
255
225
235
241
214
252
252
234
254
206
241
250
192
229
232
253
135
251
215
242
242
252
220
177
214
243
238
231
254
249
231
215
247
228
253
186
234
252
246
197
246
242
148
161
246
251
245
255
243
207
236
218
254
206
248
188
215
224
248
229
177
229
238
251
227
220
219
243
197
246
224
234
209
175
233
224
253
252
220
223
228
198
194
255
178
225
219
246
231
239
239
238
185
236
221
204
253
252
181
232
254
241
249
187
215
247
199
210
242
255
223
231
156
212
207
208
244
213
222
247
234
198
213
180
230
245
221
245
198
208
248
245
243
236
200
219
248
255
235
239
172
228
214
227
248
240
245
215
209
230
254
244
222
244
250
236
254
246
237
219
217
202
253
187
234
244
236
253
242
156
215
241
234
250
234
137
210
228
220
240
251
234
252
225
224
193
204
199
245
210
166
222
215
221
213
239
252
201
194
244
188
192
219
246
218
251
208
158
222
254
170
251
246
234
245
235
223
196
180
220
239
216
235
233
248
239
219
200
186
227
211
249
255
211
238
241
234
213
236
219
224
245
220
250
249
232
245
247
238
231
255
228
185
208
244
160
238
181
250
255
174
225
230
225
242
201
241
228
208
231
219
244
173
249
235
242
219
245
167
230
226
212
250
146
236
218
213
228
232
237
197
227
255
240
246
247
239
230
246
176
234
253
253
207
210
226
251
247
243
240
220
233
255
250
179
224
228
250
149
252
242
234
243
227
239
221
238
197
251
252
194
254
218
247
203
240
245
222
210
236
247
203
240
248
251
245
154
223
253
181
213
201
241
255
239
172
239
250
250
245
223
219
252
253
254
255
216
220
243
234
255
228
246
244
237
238
169
233
241
201
222
237
205
240
231
234
243
249
231
242
236
254
221
249
236
221
255
245
214
238
241
205
220
248
250
216
211
239
246
217
233
232
251
246
236
198
251
254
253
242
250
245
222
245
237
209
242
253
238
217
234
254
232
171
234
213
183
234
254
249
201
224
237
229
235
248
245
248
225
236
203
105
203
235
219
220
244
226
249
251
194
229
226
252
177
231
232
250
202
254
244
242
254
197
229
228
195
233
254
202
213
241
239
241
247
245
241
241
221
234
227
234
232
249
226
241
196
212
249
254
244
251
254
173
250
228
161
204
228
253
234
240
250
253
221
217
247
193
248
250
251
230
235
253
100
175
218
236
255
223
217
243
247
230
245
247
238
213
237
204
171
235
253
242
216
215
248
222
235
250
241
231
223
238
236
238
246
215
229
237
209
253
253
238
254
253
246
255
207
204
253
243
234
189
230
251
243
233
115
247
240
228
191
200
189
247
248
206
223
213
253
204
194
232
211
220
239
245
248
201
229
181
163
239
254
212
230
246
178
210
248
212
247
227
217
229
240
200
249
210
174
213
255
250
220
249
231
236
230
253
240
249
226
251
210
206
253
222
199
170
232
248
254
255
251
1
27
1
9
59
37
3
33
29
34
18
38
3
14
30
8
99
7
44
22
25
12
21
50
15
0
12
31
54
14
1
40
10
72
31
0
16
0
52
12
27
5
76
91
34
34
0
42
31
2
12
13
51
13
24
38
13
75
89
52
5
21
7
68
75
11
41
6
0
21
31
3
31
53
10
27
67
31
39
32
4
19
10
33
9
2
6
58
3
21
19
11
5
10
2
22
6
58
23
15
3
10
23
46
55
47
0
47
7
24
76
43
28
3
77
11
13
10
4
35
35
112
12
80
42
1
59
32
54
0
22
13
19
6
18
62
13
38
12
0
40
67
13
6
10
61
21
3
25
6
11
3
12
34
26
13
111
8
6
52
7
4
2
20
7
3
27
4
1
13
16
77
5
24
33
55
8
2
30
11
17
22
82
45
116
6
4
46
27
21
2
0
6
6
2
12
29
3
32
8
22
65
100
32
54
0
22
21
74
5
10
0
9
2
23
12
89
6
0
24
20
0
44
18
12
1
4
0
3
5
21
13
1
35
26
2
10
5
28
99
53
0
22
19
39
49
8
33
19
0
108
39
2
9
31
79
7
63
70
21
24
18
26
26
23
71
5
20
12
77
56
25
33
4
36
14
10
6
60
24
58
2
42
9
64
12
35
15
5
14
113
38
6
93
32
8
17
17
25
4
9
17
41
3
21
8
0
19
7
15
10
25
14
43
3
8
29
9
10
26
6
4
48
53
3
50
22
23
34
3
7
61
37
18
8
1
14
18
10
3
8
3
4
160
16
44
33
13
14
88
39
48
40
3
28
36
4
39
30
11
4
25
26
60
58
7
36
13
12
20
41
45
13
57
7
1
6
16
3
14
30
13
26
40
57
10
24
35
67
22
10
18
6
27
4
3
21
17
27
7
16
40
50
3
1
63
17
17
43
11
27
23
50
11
8
18
22
65
17
0
35
8
21
26
119
1
33
6
6
26
67
25
12
30
81
21
55
37
17
29
88
25
22
7
33
17
23
29
59
5
3
63
0
16
4
4
12
44
14
42
42
9
3
4
40
2
40
20
24
11
36
10
10
19
23
32
24
11
27
73
9
7
3
30
8
2
52
60
0
100
0
63
31
26
51
31
113
90
10
20
40
88
27
62
38
0
0
13
8
73
0
0
28
11
4
48
18
42
38
48
42
56
7
14
2
10
31
40
17
33
112
15
0
4
69
2
4
5
65
27
32
1
0
2
29
17
14
40
13
9
30
40
11
28
3
25
23
32
5
30
2
0
26
22
77
65
9
59
3
7
1
64
2
24
15
77
8
6
15
12
35
27
68
12
11
58
61
20
23
2
20
17
10
34
24
61
13
12
14
61
13
3
2
73
63
127
38
10
41
55
20
18
6
55
33
42
10
29
69
5
43
62
31
15
11
74
15
8
53
34
21
27
15
21
11
94
41
21
2
6
32
68
9
0
13
1
8
39
54
14
48
1
53
22
26
1
46
12
2
5
1
24
2
5
3
50
47
8
3
22
27
4
10
82
1
57
56
51
2
47
16
37
26
3
0
53
9
6
42
3
6
26
31
10
44
32
1
85
9
35
6
2
20
27
12
22
1
76
19
4
19
11
90
1
2
36
20
17
26
93
68
18
0
84
59
35
45
27
19
47
71
18
46
50
37
38
0
32
45
4
39
62
11
85
8
31
27
5
55
19
5
29
38
0
86
30
42
10
19
4
4
10
18
0
31
22
22
10
32
16
5
27
22
6
34
37
106
25
26
0
30
4
25
5
5
10
4
25
24
61
27
1
25
16
0
4
44
3
3
7
45
11
47
22
38
10
26
28
19
61
20
11
2
20
11
40
50
21
23
8
10
74
2
24
3
48
6
2
21
30
104
39
87
26
8
8
46
51
25
19
23
26
58
5
85
0
37
52
23
33
58
26
15
37
31
43
5
6
14
7
33
15
54
7
22
95
69
2
37
53
41
57
8
26
17
25
12
33
32
34
47
13
52
43
8
10
5
44
7
27
4
5
34
9
39
13
24
4
32
34
51
74
6
5
88
72
27
13
49
8
51
1
83
28
46
19
11
13
6
33
15
47
42
23
8
76
45
6
8
39
46
11
13
73
6
19
5
4
52
22
4
63
52
2
22
152
9
25
18
49
14
62
121
19
51
56
20
42
14
23
103
55
18
51
82
19
11
22
0
2
34
110
33
4
53
16
53
46
18
33
1
4
72
2
6
127
1
28
58
0
12
6
3
9
3
27
21
15
40
33
5
16
7
1
80
2
51
1
54
89
27
33
38
16
32
13
105
69
5
74
32
19
34
10
47
21
11
117
71
5
7
6
15
10
28
51
4
17
15
53
0
9
50
65
31
12
23
26
101
17
3
10
8
1
6
20
1
65
62
28
28
4
63
81
9
120
13
34
2
6
29
65
11
26
0
64
37
17
7
80
17
36
1
55
4
5
5
16
20
6
39
11
25
1
45
18
9
44
3
35
1
38
2
24
22
54
59
8
0
74
6
25
30
61
32
105
3
101
7
26
1
45
46
111
39
18
5
1
45
20
56
10
10
9
38
5
3
22
18
9
21
8
17
3
70
42
12
37
56
107
15
78
38
28
2
1
48
74
63
41
36
5
18
8
28
11
22
24
42
14
5
37
37
23
36
12
40
48
18
10
2
13
75
12
40
3
11
1
16
109
5
4
51
54
19
8
26
4
12
22
2
9
11
13
0
44
14
25
2
12
9
5
13
59
38
9
38
59
136
19
53
38
15
3
22
13
18
33
2
22
5
46
9
17
4
5
28
16
1
3
17
20
15
36
16
12
22
15
70
11
10
19
6
27
12
2
14
67
15
17
17
26
42
14
32
5
7
15
49
7
4
8
10
77
34
53
11
4
34
22
18
6
24
29
10
4
1
24
26
19
1
12
19
14
7
18
18
34
16
3
9
30
21
21
4
30
72
18
13
26
55
37
12
53
0
47
7
14
41
13
73
21
40
39
44
50
5
34
37
10
38
2
22
3
39
39
63
18
82
1
47
1
57
5
16
19
26
8
17
8
20
18
6
31
11
0
48
3
23
62
30
66
10
63
50
20
31
84
39
17
32
4
133
27
37
4
11
18
52
1
27
75
10
7
5
38
31
23
75
66
10
58
54
11
3
17
7
51
19
1
8
42
36
9
5
94
166
62
70
59
92
11
6
72
2
31
8
7
26
50
6
22
17
15
3
84
18
10
4
6
28
25
41
57
43
6
11
41
14
15
7
2
26
15
77
46
70
68
9
96
46
33
22
27
82
3
85
4
74
94
93
19
66
39
0
10
21
22
25
1
35
38
0
4
3
19
15
19
21
40
14
71
1
31
56
22
8
3
5
82
46
8
30
21
10
5
20
102
15
86
56
34
6
0
52
6
0
87
42
20
9
0
41
11
12
3
41
11
3
23
5
30
51
30
90
20
16
49
25
21
1
30
31
24
2
9
19
13
25
33
28
30
12
34
12
34
13
59
8
8
10
6
16
0
26
33
13
32
7
44
129
16
50
35
19
16
45
53
24
31
19
31
81
74
40
17
8
2
3
6
37
45
19
39
35
27
3
0
31
25
21
9
64
10
16
64
13
0
80
81
65
11
41
49
95
50
22
3
58
16
44
7
6
42
61
18
28
77
29
68
0
13
32
42
17
0
57
11
38
25
21
23
21
30
35
27
43
3
52
4
83
15
27
2
59
25
32
89
23
17
23
13
10
31
89
97
27
110
18
16
11
84
16
11
13
2
8
15
22
21
13
0
45
18
29
33
21
1
6
23
24
15
4
54
11
20
1
8
3
38
21
3
35
5
17
34
4
46
7
61
94
27
48
60
37
61
40
23
19
5
50
18
24
11
93
16
18
28
12
21
80
29
52
34
18
62
26
98
23
4
51
28
23
5
30
3
4
30
32
13
25
2
48
64
11
18
6
82
95
42
72
50
10
26
22
5
44
34
38
27
22
47
12
15
10
17
16
36
14
1
25
0
47
8
7
25
3
10
50
3
27
15
0
33
5
0
50
3
24
25
33
25
1
1
12
27
19
10
104
28
100
1
31
8
19
9
62
6
34
37
7
8
89
16
7
26
10
19
27
64
51
5
10
97
18
1
9
44
36
36
39
0
65
4
53
14
7
51
22
4
25
35
7
39
4
81
41
1
42
24
11
6
66
18
4
31
136
16
5
3
1
17
14
13
1
2
15
15
51
23
0
16
33
9
14
0
8
10
2
13
34
125
26
28
59
8
58
17
46
3
8
5
44
29
26
21
10
40
7
6
11
13
21
11
3
58
48
24
21
108
4
67
2
14
5
91
95
19
11
15
5
46
12
34
57
56
110
14
45
38
22
26
18
3
11
17
66
37
26
28
51
32
35
14
11
21
34
2
3
66
55
0
10
57
72
2
17
22
4
23
44
54
55
24
5
37
19
21
70
54
3
22
26
34
26
32
26
10
33
32
0
20
4
46
73
3
26
50
8
8
10
26
20
30
49
39
60
17
14
12
44
32
40
35
43
1
20
10
42
60
0
1
19
27
25
5
1
38
21
27
53
20
42
6
3
8
29
22
3
13
1
89
12
7
34
17
46
22
19
18
5
37
10
33
19
25
0
32
15
1
113
9
62
4
6
13
14
44
34
6
58
3
35
31
2
2
3
14
12
12
15
3
68
5
55
23
1
2
23
76
13
13
71
2
8
22
13
9
21
42
0
36
2
34
77
9
29
13
33
22
61
27
5
75
4
34
23
37
35
24
36
18
18
13
53
5
3
151
39
72
4
11
45
48
0
61
2
3
16
0
6
15
15
13
40
23
39
8
5
18
18
29
0
38
35
14
116
4
17
12
30
1
20
12
46
26
20
1
13
89
30
10
9
63
21
39
3
62
50
6
2
54
40
12
23
21
15
42
53
16
0
12
16
44
3
65
26
4
86
46
11
80
5
40
50
25
5
45
82
29
8
18
1
9
28
94
2
24
22
63
15
7
38
52
34
27
11
18
98
11
4
8
9
42
28
10
49
54
11
26
21
21
29
29
118
14
16
9
0
1
7
36
29
52
38
0
41
2
8
10
77
15
3
46
8
25
25
37
98
39
8
0
48
135
11
1
5
29
1
9
71
28
15
80
137
3
24
14
20
16
11
10
11
5
24
1
32
7
3
18
34
18
32
12
28
13
34
69
77
8
51
41
20
102
14
44
33
40
14
21
14
14
31
6
52
13
22
19
68
12
15
49
9
23
19
13
40
0
20
79
35
0
54
2
49
89
67
85
71
2
44
27
31
32
6
15
16
10
11
23
33
72
10
42
37
44
28
3
92
9
5
10
55
12
8
51
40
58
8
17
15
26
21
23
3
0
23
69
46
5
2
31
17
27
48
99
29
25
67
53
13
12
45
5
11
2
5
3
37
0
51
42
5
13
10
77
11
7
77
5
12
22
9
14
11
21
16
2
78
88
38
0
19
16
19
52
87
3
42
17
17
7
5
18
31
6
2
38
22
4
41
5
42
0
3
35
11
70
74
4
17
19
14
46
77
96
14
1
30
100
55
15
35
39
0
64
0
5
14
12
23
80
5
14
33
33
13
5
14
14
20
69
13
58
32
40
45
36
4
118
39
11
2
7
51
18
3
62
24
24
13
10
59
26
66
2
31
8
40
107
78
45
36
75
17
44
13
18
68
40
31
15
11
43
8
24
25
37
53
8
23
21
11
7
5
19
38
33
29
35
2
39
21
2
25
7
32
0
10
16
2
32
33
18
9
91
64
9
39
1
3
9
12
3
5
56
30
33
1
3
6
59
25
9
36
46
17
57
45
10
59
33
4
0
7
11
11
66
31
16
12
7
20
11
10
0
6
12
30
6
53
2
7
35
13
21
14
29
51
29
34
8
16
13
7
68
23
28
0
45
32
15
5
10
15
4
5
22
28
114
12
89
31
17
43
21
32
45
7
34
11
10
27
48
93
69
84
7
27
32
96
56
2
26
85
6
14
13
68
180
42
59
0
49
5
39
45
34
17
6
23
10
34
34
97
9
55
38
0
0
1
28
29
4
24
50
7
9
18
19
35
29
4
33
24
66
29
5
12
1
0
13
63
96
55
94
24
21
14
31
2
45
6
14
87
53
24
13
104
18
42
34
36
70
36
49
38
51
12
6
51
16
26
11
15
0
60
78
48
54
12
0
6
84
24
63
20
11
17
4
8
7
5
3
48
61
78
10
18
1
1
23
79
33
5
28
0
2
32
43
1
8
20
39
4
4
63
17
12
1
53
19
36
23
67
19
64
22
2
18
65
6
1
34
2
0
14
45
75
15
40
121
6
22
11
0
8
6
13
19
10
62
12
19
32
32
89
95
9
0
29
5
45
51
1
20
3
4
7
18
14
99
29
16
66
56
22
16
29
24
22
5
19
1
42
44
11
22
4
68
56
84
24
28
20
12
6
57
25
2
82
7
10
29
1
15
11
35
23
58
59
5
29
31
3
10
3
36
17
44
39
20
31
64
4
4
53
5
11
26
21
6
54
61
15
7
96
45
4
8
120
9
33
14
1
47
13
87
54
16
55
1
23
28
4
0
7
5
1
23
0
26
12
26
5
70
97
63
96
6
2
19
4
22
13
58
5
8
31
22
29
9
61
9
7
16
22
32
23
4
58
10
38
50
6
33
25
57
24
12
2
43
13
14
36
24
44
58
51
2
37
2
42
29
0
54
96
0
9
2
1
51
28
60
5
2
16
32
10
4
3
43
52
48
0
37
15
60
8
49
64
3
67
73
20
20
30
15
0
62
17
1
30
19
37
6
2
35
18
4
68
12
77
34
13
30
96
65
17
5
1
24
7
23
98
10
68
28
38
16
35
1
22
22
20
32
1
22
6
11
48
3
64
7
3
109
4
20
30
18
7
9
15
30
42
16
56
18
153
15
4
12
56
6
44
21
25
25
34
12
41
30
22
22
1
24
16
45
15
78
10
14
5
45
12
52
18
35
3
14
12
13
36
0
67
32
3
78
23
54
70
5
57
35
52
0
18
5
7
103
41
14
8
14
23
32
38
22
18
16
10
3
0
41
6
12
0
58
60
4
5
1
138
1
18
66
20
18
13
66
8
11
1
25
47
28
48
13
4
51
122
31
0
12
10
8
0
32
18
25
79
83
5
31
40
11
45
5
23
1
6
13
5
5
65
66
3
3
32
44
57
53
2
57
21
15
0
26
30
2
10
5
40
4
15
35
15
14
80
29
11
21
1
16
12
17
21
24
40
33
23
11
34
32
36
10
46
9
0
23
14
32
36
46
12
31
12
30
23
6
51
3
14
6
20
70
47
1
91
0
1
8
2
2
58
7
75
18
75
8
2
25
5
7
53
27
12
4
11
49
4
113
63
40
16
44
50
0
15
8
5
72
70
20
7
92
4
0
52
34
24
79
9
50
8
27
24
32
53
14
1
44
17
3
38
47
37
40
19
3
29
16
7
68
5
2
13
27
37
10
20
21
11
59
14
36
40
5
1
28
11
41
32
19
19
32
3
67
13
48
39
73
42
3
21
55
27
39
57
12
15
11
13
36
14
11
37
43
21
26
7
34
20
28
7
41
1
10
41
5
0
37
127
53
74
33
25
1
40
9
26
5
24
89
75
22
15
12
1
5
28
9
0
15
48
32
8
3
31
22
25
84
87
51
60
6
30
8
45
66
56
28
6
2
69
7
16
73
33
32
25
2
7
1
6
33
81
30
12
63
23
31
35
20
67
7
31
82
36
45
15
18
6
21
82
3
1
9
0
52
11
67
3
7
16
17
26
7
36
0
11
132
2
10
44
13
62
22
51
4
36
1
7
8
43
34
12
0
76
59
72
28
49
10
27
29
3
10
0
53
75
8
2
35
11
21
40
13
9
30
70
4
43
21
28
59
23
48
1
120
21
82
11
55
23
7
2
2
13
19
6
9
2
3
18
0
28
61
88
10
31
11
12
22
0
46
70
19
28
20
35
46
34
5
54
26
44
64
57
22
67
8
103
9
28
62
0
10
54
56
9
2
0
5
18
7
49
20
15
10
4
24
44
7
7
10
87
49
29
64
9
22
38
14
49
53
81
9
12
0
17
35
25
19
14
2
34
10
78
5
64
67
33
10
21
58
20
56
19
10
20
71
15
99
32
15
37
102
0
4
7
36
26
37
72
12
14
49
21
15
41
14
35
28
59
5
51
38
1
19
69
49
6
13
37
72
33
6
34
2
14
37
59
17
45
54
83
17
11
22
26
21
9
20
0
61
17
4
73
7
2
115
7
13
40
3
29
54
29
69
104
30
3
22
85
0
12
48
1
2
15
31
35
10
5
46
41
26
6
10
4
26
19
41
77
7
41
8
20
29
43
11
12
66
7
11
3
28
21
54
1
4
25
130
1
0
48
57
68
7
8
35
15
12
48
15
19
30
18
4
6
7
11
28
53
11
85
21
63
8
2
41
3
0
41
10
50
3
5
34
47
5
40
26
33
17
10
21
35
35
29
141
14
3
26
29
11
104
12
87
32
0
45
2
25
45
37
10
27
13
12
22
36
22
4
50
0
49
23
4
40
41
44
24
105
39
2
61
1
44
12
23
7
16
51
113
32
31
33
6
45
29
18
16
11
23
21
19
20
15
10
19
6
39
56
5
17
76
16
59
24
12
35
4
15
3
73
47
30
29
12
3
1
48
38
2
6
83
36
13
57
3
1
93
47
44
22
20
30
9
38
0
8
2
12
57
86
5
83
49
20
23
26
6
28
35
72
15
7
10
23
31
18
73
19
10
28
38
26
22
31
34
57
89
0
0
48
55
17
4
4
10
31
4
24
49
9
22
7
9
9
9
0
13
49
21
11
10
33
46
28
53
56
11
6
31
13
18
31
29
26
32
6
18
36
50
43
93
29
14
18
5
0
34
60
49
18
21
2
24
70
27
28
10
50
40
17
30
58
12
47
10
7
7
1
12
7
10
47
1
74
14
64
33
21
74
20
51
28
7
9
11
19
46
31
8
14
17
32
5
