254
109
163
125
225
239
139
211
253
144
206
202
185
219
183
207
255
249
242
140
255
241
154
192
235
242
86
254
221
248
229
192
244
255
180
208
210
235
236
202
221
216
205
192
240
197
236
215
225
247
153
250
242
212
251
204
114
242
224
220
158
194
165
199
255
117
212
211
228
46
230
151
224
218
253
141
250
161
203
255
201
173
251
235
206
207
156
219
193
248
237
190
185
165
178
174
183
215
226
226
248
228
246
248
106
236
225
118
225
216
196
183
234
252
161
255
185
191
100
223
145
232
209
249
196
201
211
250
249
209
173
239
238
251
212
153
248
175
233
145
242
205
156
75
252
227
232
222
219
183
234
115
158
232
225
253
214
241
116
208
242
204
242
211
225
192
248
172
216
252
244
254
205
220
190
253
201
232
214
224
207
177
196
236
218
243
182
172
243
249
250
230
218
255
231
115
147
229
226
211
246
246
222
154
238
199
168
124
252
150
192
233
188
222
195
254
250
229
187
210
156
247
225
239
237
213
218
221
207
227
239
243
206
243
209
204
241
127
234
253
214
212
249
244
239
223
247
248
152
229
169
249
222
156
245
120
254
199
181
239
200
111
236
239
228
208
114
220
229
203
207
255
221
189
201
152
172
214
250
196
248
150
146
190
237
226
242
252
190
175
255
180
232
232
228
222
206
172
205
230
55
236
220
245
185
147
162
246
236
255
176
234
233
202
239
249
212
227
146
255
238
189
244
243
239
197
223
225
142
254
122
206
254
147
174
250
195
218
211
233
230
191
235
159
255
222
181
243
233
243
235
214
245
232
205
120
172
219
234
232
244
252
252
227
129
241
215
215
199
240
199
215
102
206
219
245
251
204
238
252
142
241
194
251
198
250
247
126
181
78
249
214
238
196
130
234
248
240
86
210
247
250
184
242
242
212
140
221
211
197
198
198
198
192
194
115
235
190
245
207
127
167
236
193
254
219
136
237
101
204
209
148
139
246
150
129
213
196
235
186
225
134
252
218
134
247
245
219
142
249
234
204
213
160
240
103
225
254
176
246
246
157
157
239
184
232
247
202
243
235
206
193
246
171
108
248
245
206
176
160
190
111
238
236
213
199
158
236
200
123
219
78
194
249
240
209
245
128
154
254
57
171
7
47
92
4
48
33
54
18
71
206
17
28
32
92
22
54
16
36
115
7
44
0
0
41
55
5
83
112
19
9
44
35
87
6
29
139
114
83
44
94
27
46
51
65
7
2
91
49
65
20
154
70
29
116
41
40
72
157
44
23
55
68
93
40
127
93
56
108
10
37
20
52
6
128
130
53
34
50
24
42
47
93
10
30
45
19
25
11
156
36
43
44
58
83
19
162
40
74
4
21
7
83
59
30
15
45
5
90
51
38
24
40
21
130
26
68
6
26
105
97
13
18
6
13
38
81
49
22
15
110
81
96
8
137
3
4
11
19
47
45
106
68
72
84
67
16
39
41
22
92
75
80
3
82
74
32
2
92
28
81
72
40
53
22
30
44
14
106
28
71
15
162
6
88
111
61
77
31
73
61
7
101
14
7
124
14
13
54
80
135
0
122
136
34
121
43
144
13
39
73
117
64
30
36
103
35
20
9
9
10
2
44
41
40
170
26
40
22
24
9
64
5
31
68
24
9
71
36
110
16
67
58
159
2
19
164
44
32
4
1
47
38
2
36
12
62
43
95
8
21
81
11
41
5
13
17
129
2
0
43
130
103
0
5
97
44
63
46
64
0
9
27
23
13
87
65
69
24
14
36
14
10
19
47
55
22
73
94
11
55
5
27
87
94
101
5
5
5
1
31
24
43
41
50
15
5
22
54
26
36
34
34
129
35
26
111
52
25
131
35
53
37
8
7
12
101
80
88
133
142
36
9
17
82
59
47
126
115
47
0
14
73
152
19
60
19
17
80
11
135
98
82
17
0
25
12
132
79
1
89
71
2
102
5
143
161
53
12
23
27
26
2
27
76
41
45
121
123
34
160
12
44
7
7
104
76
36
22
78
49
89
90
14
133
48
76
106
18
9
161
34
52
48
4
28
113
12
137
63
41
25
36
18
131
3
53
43
14
36
113
27
98
6
32
64
39
110
15
59
15
24
43
135
55
23
47
82
61
7
56
52
53
46
24
1
1
16
51
107
113
11
58
79
96
113
152
57
178
49
5
50
36
95
134
5
26
0
85
31
6
148
8
33
18
10
24
14
27
72
27
70
22
161
91
50
87
1
0
22
75
99
121
57
30
48
23
47
13
